1493334360 7449 37358
1493337605 7449 37358
1493424005 7537 38081
1493510405 7643 37748
1493596805 7655 36941
1493683203 7663 37515
1493769604 7631 38505
1493856005 7635 38289
1493942403 7647 38520
1494028804 7738 39756
1494115205 7776 38561
1494201605 7846 39136
1494288004 7886 39139
1494374407 7927 39312
1494460804 7978 40444
1494547204 8001 39812
1494633607 8061 39996
1494720007 8173 40001
1494806408 8180 39043
1494892806 8152 39480
1494979205 8068 38518
1495065605 8223 38655
1495152005 8387 39323
1495238421 8554 39961
1495324806 8754 40483
1495411206 8964 41140
1495497607 9117 42212
1495584021 9184 42888
1495670405 9243 44008
1495756807 9379 45560
1495843207 9483 47331
1495929608 9265 49211
1496016006 9339 50045
1496102406 9388 50484
1496188805 9445 51894
1496275207 9468 53016
1496361608 9509 55061
1496448007 9574 55740
1496534406 9657 56204
1496620807 9647 56382
1496707208 9695 57513
1496793624 9775 59043
1496880007 9788 59428
1496966407 9783 59759
1497052807 9841 60838
1497139208 9887 62000
1497225608 9954 63858
1497312013 9950 65216
1497398406 9948 65786
1497484806 10013 67476
1497571206 10054 68354
1497657608 10032 69639
1497744011 10069 70392
1497830412 10081 77135
1497916812 10078 73937
1498003206 10043 74248
1498089608 9997 77955
1498176008 9921 78943
1498262409 9869 78006
1498348807 9889 79416
1498435208 9887 81229
1498521609 9844 81635
1498608009 9817 82583
1498694408 9831 83428
1498780809 9799 83546
1498867210 9736 83066
1498953608 9728 83485
1499040012 9736 83993
1499126408 9725 85664
1499212809 9644 85286
1499299206 9595 85946
1499385618 9604 86887
1499472007 9576 87311
1499558458 9581 87627
1499644810 9521 90107
1499731214 9503 89853
1499817607 9492 90131
1499904008 9431 89109
1499990408 9444 91065
1500076812 9488 92168
1500163209 9534 91435
1500249612 9513 91178
1500336012 9481 91515
1500422415 9476 88980
1500508839 9507 88505
1500595227 9529 90406
1500681620 9563 90537
1500768023 9578 90551
1500854420 9641 91118
1500940816 9668 93169
1501027218 9724 93321
1501113616 9762 94451
1501200007 9819 95798
1501286406 9867 96020
1501372809 9934 96587
1501459209 10011 97346
1501545610 10029 97832
1501632006 10093 96813
1501718407 10093 96899
1501804806 10085 96784
1501891206 10100 97372
1501977607 10097 97911
1502064009 10152 98346
1502150408 10164 97687
1502236807 10110 96794
1502323209 10109 97357
1502409606 10134 98194
1502496006 10150 96130
1502582409 10130 97961
1502668810 10142 97213
1502755211 10196 97389
1502841618 10263 98519
1502928008 10275 98798
1503014408 10297 99126
1503100814 10301 99503
1503187231 10303 99406
1503273609 10305 100829
1503360009 10323 101361
1503446408 10328 100844
1503532808 10310 100434
1503619209 10311 100268
1503705610 10372 99887
1503792009 10406 99548
1503878410 10368 98432
1503964831 10359 97745
1504051212 10273 98718
1504137608 10226 98812
1504224009 10204 98105
1504310411 10227 99715
1504396810 10259 100406
1504483208 10255 100570
1504569610 10266 100073
1504656009 10265 99056
1504742410 10281 98885
1504828813 10273 98234
1504915209 10260 97768
1505001613 10277 98536
1505088009 10242 97758
1505174411 10138 96244
1505260808 10055 95520
1505347209 10099 95248
1505433609 10058 95223
1505520007 9896 96742
1505606414 9925 98046
1505692809 9926 99037
1505779209 9896 100219
1505865608 9895 100706
1505952017 9915 100755
1506038407 9907 101512
1506124808 9884 100090
1506211208 9843 99719
1506297608 9805 99122
1506384007 9741 99423
1506470410 9680 98177
1506556808 9654 97348
1506643208 9603 94897
1506729609 9605 93610
1506816009 9556 91898
1506902412 9500 90719
1506988809 9465 90675
1507075212 9396 90461
1507161639 9334 90345
1507248011 9284 89204
1507334414 9291 88326
1507420813 9248 87509
1507507212 9256 87272
1507593609 9270 86193
1507680013 9278 85095
1507766414 9213 83067
1507852832 9226 83358
1507939230 9221 84147
1508025620 9245 84524
1508112040 9228 84153
1508198407 9210 84492
1508284833 9187 84645
1508371216 9190 84635
1508457612 9211 84490
1508544033 9233 84452
1508630414 9318 85685
1508716812 9383 86573
1508803215 9425 86671
1508889609 9401 88284
1508976014 9546 88557
1509062415 9796 89739
1509148833 10082 90292
1509235215 10343 91389
1509321633 10578 92805
1509408011 10851 93967
1509494414 11141 97647
1509580831 11449 98318
1509667214 11742 101044
1509753620 12104 104436
1509840047 12468 107606
1509926413 12758 109759
1510012811 13089 112455
1510099217 13381 113752
1510185627 13734 115581
1510272011 14048 118471
1510358410 14339 118686
1510444825 14606 121263
1510531224 14838 124818
1510617609 15094 126937
1510704010 15367 131254
1510790430 15619 133383
1510876826 15853 135534
1510963217 16080 136450
1511049612 16330 136164
1511136013 16580 137810
1511222430 16825 138871
1511308825 17060 138520
1511395212 17095 138439
1511481615 17160 139446
1511568010 17183 142085
1511654417 17199 142881
1515888015 18390 187066
1515974413 18276 184914
1516060814 18148 182940
1516147212 18069 180527
1516233614 17944 180416
1516320011 17832 179175
1516406411 17751 178376
1516492815 17648 177669
1516579210 17612 176812
1516665611 17479 174712
1516752011 17516 172841
1516838410 17457 172124
1516924819 17353 171285
1517011214 17345 171189
1517097613 17334 169361
1517184010 17297 167905
1517270410 17207 166392
1517356810 17119 165105
1517443210 17011 163417
1517529611 16911 162437
1517616010 16845 162533
1517702417 16715 162669
1517788811 16561 161563
1517875210 16409 160597
1517961615 16334 157546
1518048011 16218 157363
1518134411 16157 156593
1518220814 16050 154759
1518307215 16030 155373
1518393611 15971 152896
1518480016 15895 150581
1518566415 15854 149529
1518652813 15740 147862
1518739211 15670 147150
1518825612 15650 146712
1518912011 15616 146246
1518998411 15535 145986
1519084812 15484 144541
1519171211 15382 142947
1519257614 15361 141781
1519344010 15341 140706
1519430418 15351 139491
1519516916 15313 137841
1519603217 15285 136715
1519689641 15346 136869
1519776013 15402 138945
1519862451 15531 139236
1519948814 15710 137370
1520035254 15827 137652
1520121627 16002 137722
1520208012 15992 134985
1520294411 16184 133701
1520380812 16302 132875
1520467210 16412 131831
1520553614 16703 133419
1520640012 16901 133257
1520726414 17151 134415
1520812813 17420 134585
1520899214 17641 134536
1520985611 18013 135471
1521072010 18431 137234
1521158415 18696 138539
1521244810 18937 139756
1521417615 19579 139312
1521504009 19871 139969
1521590409 20215 140986
1521676810 20469 140215
1521763211 20585 140383
1521849611 20801 140780
1521936011 20987 141641
1522022412 21130 141429
1522108811 21357 142011
1522195211 21751 143440
1522281615 21972 143088
1522368012 22479 142973
1522454411 22583 142289
1522540815 22862 141493
1522627212 23076 140542
1522713610 23189 138929
1522800009 23273 139421
1522886411 23369 138616
1522972811 23333 136015
1523059220 23383 135232
1523145610 23260 134992
1523232011 23233 133163
1523318410 23095 131222
1523404811 22875 130690
1523491212 22713 129711
1523577612 22699 129822
1523664011 22573 128776
1523750411 22445 126514
1523836812 22244 125669
1523923211 22096 123452
1524009612 22227 124538
1524096011 22278 124842
1524182410 22389 124473
1524268811 22285 123722
1524355216 22140 122597
1524441612 21994 121110
1524528012 21844 118910
1524614409 21645 118799
1524700809 21487 117450
1524787209 21230 117470
1524873611 21180 116660
1524960009 20990 116235
1525046408 20810 116127
1525132810 20743 115698
1525219209 20622 115355
1525305612 20586 115781
1525392010 20607 116562
1525478411 20583 116033
1525564814 20609 116950
1525651209 20520 116583
1525737612 20437 116207
1525824010 20388 116875
1525910414 20378 116868
1525996809 20376 117934
1526083212 20055 118631
1526169651 19541 118030
1526256026 19030 117030
1526342428 18493 115164
1526428807 17853 114013
1526515246 17308 110468
1526601633 16792 109403
1526688010 16219 107628
1526774412 15705 105394
1526860806 15118 103069
1526947216 14615 101620
1527033606 14168 101290
1527120042 13703 100347
1527206406 13249 99156
1527292805 12834 99093
1527379209 12359 98606
1527465606 11966 96667
1527552006 11504 96488
1527638407 11021 91418
1527724809 10542 89518
1527811206 10046 87795
1527897630 10280 93784
1527984011 11109 89535
1528070409 7047 75714
1528156817 7358 79567
1528243210 7106 73631
1528329609 7065 76900
1528416010 7135 77351
1528502410 7141 75936
1528588809 7223 76426
1528675211 7249 75727
1528761609 7425 77108
1528848011 7581 77463
1528934410 7784 79317
1529020810 7903 79530
1529107209 8000 80048
1529193610 7804 79184
1529280010 7827 78516
1529366409 7880 77594
1529452808 8119 79243
1529539210 8025 78773
1529625613 8261 79120
1529712008 8257 79028
1529798411 8387 79561
1529884809 8252 78559
1529971210 8289 80903
1530057611 8324 79689
1530144010 8494 79784
1530230409 8482 78952
1530316811 8502 80725
1530403210 8372 79010
1530489609 8306 79381
1530576009 8110 77758
1530662413 8091 77794
1530748810 8084 77258
1530835209 8067 76676
1530921609 8116 76725
1531008010 8110 77996
1531094410 8017 76462
1531180809 7917 74607
1531267209 7969 75360
1531353609 7924 71976
1531440009 7947 72039
1531526409 8048 73886
1531612811 8059 73417
1531699209 8098 72983
1531785608 8044 72715
1531872010 8001 72558
1531958410 8072 73528
1532044809 8249 74090
1532131210 8115 73444
1532217611 8128 74789
1532304011 8034 75556
1532390410 8078 75582
1532476811 8108 75786
1532563209 8132 77643
1532649610 8173 77611
1532736010 8096 77126
1532822411 8009 76715
1532908811 8043 76020
1532995211 7988 78641
1533081610 7972 78883
1533168009 8106 79347
1533254410 8151 81065
1533340825 7912 83053
1533427223 7946 83339
1533513612 7888 82855
1533600011 8013 83996
1533686410 7912 82219
1533772811 7820 81757
1533859211 7768 82421
1533945611 7878 84490
1534032011 7773 85655
1534118408 7757 84645
1534204810 7680 84722
1534291208 7965 86156
1534377611 8022 82378
1534464009 8136 82971
1534550415 8149 84973
1534636809 8056 85390
1534723209 7956 86702
1534809609 7977 84810
1534896009 8017 85189
1534982411 8015 81797
1535068809 8087 80528
1535155209 8123 81396
1535241610 8155 80448
1535328009 8068 81272
1535414410 8143 80404
1535500809 8117 80209
1535587209 8072 77944
1535673610 8085 78154
1535760010 8115 78779
1535846413 8019 78072
1535932809 7944 77690
1536019210 7589 73700
1536105610 7603 72806
1536192009 7655 72871
1536278411 7666 73508
1536364809 7722 72518
1536451210 7655 72180
1536537609 7858 71763
1536624010 7788 70595
1536710413 7726 70497
1536796810 7888 71369
1536883212 7794 71919
1536969616 7832 70852
1537056013 7792 71114
1537142409 7532 66308
1537228809 7372 64861
1537315210 7567 66706
1537401609 7611 73335
1537488009 7836 73480
1537574409 7811 72410
1537660811 7828 71070
1537747212 7721 69950
1537833610 7774 71133
1537920009 7823 71065
1538006411 7923 70528
1538092810 7625 70476
1538179220 7825 71082
1538265615 7358 70084
1542326460 7057 70653
1542412816 7097 70313
1542499264 6910 68891
1542585617 6946 70106
1542672086 6903 71015
1542758416 7056 70837
1542844817 6935 70278
1542931214 6883 69871
1543017617 6840 68816
1543104048 6804 67500
1543190426 6744 67156
1543276813 6855 66256
1543363218 6782 64427
1543449652 6718 64136
1543536060 6731 62990
1543622438 6680 63312
1543708849 6729 62319
1543795220 6718 63277
1543881654 6668 62155
1543968013 6619 61909
1544054478 6571 60923
1544140816 6540 60972
1544227239 6563 60378
1544313615 6476 59278
1544400068 6500 59605
1544486431 6569 59707
1544572859 6578 57719
1544659218 6611 59056
1544745657 6653 58621
1544832053 6665 58697
1544918454 6557 58654
1545004816 6210 60881
1545091253 6464 58039
1545177641 6634 58173
1545264070 6765 58141
1545350441 6758 58338
1545436845 6734 58068
1545523218 6753 57910
1545609616 6630 59889
1545696018 6557 60051
1545782440 6509 60261
1545868831 6456 56736
1545955232 6422 57827
1546041646 6380 57588
1546128060 6369 56360
1546214419 6339 56549
1546300849 6356 57947
1546387221 6344 58402
1546473649 6374 57792
1546560017 6418 58076
1546646433 6539 59389
1546732819 6566 58963
1546819232 6559 58154
1546905615 6488 57203
1546992065 6506 57643
1547078460 6444 56873
1547164850 6501 56731
1547251246 6539 57595
1547337649 6552 59203
1547424085 6573 58202
1547510418 6468 57794
1547596838 6595 58628
1547683263 6520 57544
1547769682 6461 57826
1547856041 6378 57909
1547942460 6366 57699
1548028879 6272 57862
1548115263 6278 57438
1548201653 6340 57662
1548288078 6279 57452
1548374455 6277 57380
1548460887 6223 57342
1548547219 6151 57657
1548633616 6157 56010
1548720055 6205 56990
1548806448 6138 55166
1548892874 6160 55270
1548979219 6115 54105
1549065697 6109 53667
1549152046 6071 52814
1549238456 6167 52424
1549324854 6190 53052
1549411242 6143 55956
1549497627 6152 55321
1549584037 6128 55525
1549670453 6145 55626
1549756857 6268 53039
1549843231 6349 53457
1549929624 6507 53364
1550016028 6576 52822
1550102411 6548 55388
1550188825 6498 53862
1550275229 6535 54051
1550361612 6527 54283
1550448031 6369 52761
1550534412 6358 52424
1550620840 6393 50040
1550707215 6482 51537
1550534412 6358 52424
1550793632 6421 48749
1550880033 6316 48326
1550966440 6367 49743
1551052837 6276 50342
1551139234 6377 49923
1551225635 6359 49449
1551312010 6469 50097
1551398428 6425 49783
1551484812 6449 50609
1551571233 6334 50269
1551657631 6340 50293
1551744039 6368 50790
1551830430 6550 51055
1551916813 6651 52022
1552003235 6630 53153
1552089613 6580 53231
1552176034 6593 53044
1552262413 6453 53314
1552348843 6436 54673
1552435243 6383 56005
1552521630 6426 58568
1552608046 6406 62001
1552694442 6394 65352
1552780845 6331 67300
1552867272 6238 71195
1552953620 6313 74625
1553040056 6398 74688
1553126468 6357 78446
1553212833 6394 76834
1553299283 6411 80561
1553385659 6295 76677
1553472091 6274 75077
1553558453 6659 79535
1553644861 6506 74884
1553731225 6682 76440
1553817675 6700 76579
1553904082 6689 77177
1553990482 6639 78576
1554076856 6614 81071
1554163220 6635 82094
1554249675 6667 87423
1554336051 6824 87556
1554422454 6817 93411
1554508867 6829 85814
1554595273 6766 86835
1554681624 6707 88690
1554768028 6732 94784
1554854456 6813 93687
1554940857 6898 96123
1555027257 6801 101869
1555113619 6819 98989
1555200105 6710 92164
1555286419 6744 96173
1555372860 6871 102429
1555459218 6780 99969
1555545659 6821 92966
1555632018 6636 98450
1555718499 6485 94591
1555804878 6440 94569
1555891264 6436 94365
1555977619 6494 87919
1556064064 6456 92551
1556150425 6532 94037
1556236857 6473 96280
1556323249 6405 95888
1556409681 6565 92483
1556496056 6496 92382
1556582453 6571 91358
1556668830 6600 95718
1556755267 6660 96925
1556841649 6580 90365
1556928059 6626 94628
1557014474 6668 89802
1557100849 6623 91839
1557187218 6488 88195
1557273658 6596 83195
1557360021 6511 85738
1557446458 6506 81267
1557532821 6538 82495
1557619274 6609 74764
1557705614 6700 75667
1557792064 6719 73941
1557878463 6752 72413
1557964863 6809 71126
1558051259 6834 75709
1558137652 6809 74213
1558224079 6830 73019
1558310427 6777 70565
1558396850 6709 71641
1558483228 6732 69000
1558569667 6758 69021
1558656022 6748 68791
1558742467 6808 69135
1558828820 6801 71685
1558915254 6773 71262
1559001670 6746 69396
1559088055 6654 69509
1559174464 6797 67606
1559260861 6742 69569
1559347257 6881 68960
1559433691 6816 71190
1559520049 6845 69889
1559606419 6860 67267
1559692858 6835 68191
1559779226 6900 70226
1559865665 6769 68041
1559952075 6791 67009
1560038481 6856 71778
1560124855 6916 71830
1560211224 6845 71585
1560297660 6855 70931
1560384061 6865 64374
1560470455 6865 62616
1560556850 6868 66539
1560643272 6755 72806
1560729664 6761 66010
1560816021 6759 62273
1560902471 6810 60715
1560988824 6851 61773
1561075252 6963 60964
1561161675 6851 61346
1561248084 6934 59770
1561334424 6851 60046
1561420863 6854 59574
1561507219 6952 65454
1561593662 7051 63303
1561680067 7164 64755
1561766446 7131 65292
1561852883 7122 66417
1561939270 7031 69288
1562025633 6991 72479
1562112076 7041 55017
1562198486 6982 72190
1562284857 6895 71929
1562371266 6914 68851
1562457679 6900 68842
1562544025 6897 70944
1562630478 6985 68747
1562716860 7080 71643
1562803217 7016 71230
1562889614 6987 67845
1562976079 6924 67921
1563062514 6899 68532
1563148830 6851 67780
1563235258 6855 67304
1563321656 6868 67624
1563408031 6936 66291
1563494457 6843 65151
1563580846 6834 64552
1563667282 6858 63922
1563753618 6857 64901
1563840062 6822 65285
1563926450 6787 65052
1564012854 6755 63857
1564099214 6722 62789
1564185654 6687 62685
1564272072 6659 60919
1564358463 6633 60426
1564444854 6591 59754
1564531270 6560 59569
1564617673 6508 60310
1564704073 6477 59864
1564790466 6422 61892
1564876892 6380 63523
1564963277 6346 61120
1565049676 6300 51156
1565136078 6246 61108
1565222475 6193 61935
1565308865 6143 51685
1565395282 6090 51983
1565481672 6042 52134
1565568067 5992 52757
1565654465 5955 53640
1565740857 5881 53449
1565827249 5825 53465
1565913648 5709 62536
1566000034 5465 59593
1566086468 5223 58643
1566345616 4921 53002
1566432054 5100 55318
1566518418 5427 57256
1566604815 5439 57333
1566691266 5452 48482
1566777616 5528 56500
1566864036 5593 56209
1566950420 5634 49020
1567036819 5951 56939
1567123243 5928 55251
1567209621 5961 55597
1567296016 6068 55108
1567382414 6082 53422
1567468816 5986 53853
1567555248 6013 51463
1567641613 6081 53022
1567728049 6125 52249
1567814417 6193 52399
1567900817 6186 53470
1567987250 6218 53321
1568073616 6240 55528
1568160048 6281 54615
1568246420 6356 54999
1568332817 6367 55365
1568419259 6420 56332
1568505617 6475 54276
1568592050 6456 54364
1568678415 6521 53485
1568764848 6580 51280
1568851219 6562 51075
1568937623 6512 50639
1569024065 6445 50910
1569110415 6443 50782
1569196850 6476 50392
1569283217 6475 51365
1569369653 6514 51908
1569456016 6456 49718
1569542454 6505 49368
1569628850 6473 49310
1569715222 6436 48491
1569801654 6378 49403
1569888017 6344 47295
1569974452 6440 48628
1570060819 6442 47920
1570147257 6380 46909
1570233617 6415 46361
1570320070 6418 45595
1570406418 6364 45208
1570492854 6253 44746
1570579219 6360 47678
1570665655 6302 45721
1570752020 6369 46326
1570838449 6408 47556
1570924817 6299 48072
1571011249 6319 48694
1571097615 6187 49537
1571184057 6271 47768
1571270422 6192 48192
1571356853 6193 50448
1571443220 6243 47512
1571529673 6190 47743
1571616017 6225 46818
1571702471 6175 46827
1571788817 6188 46505
1571875226 6173 46415
1571961648 6190 45340
1572048052 6170 45529
1572134430 6196 45950
1572220866 6159 47141
1572307218 6208 47089
1572393648 6188 48408
1572480014 6129 48505
1572566419 6074 47902
1572652822 6052 51606
1572739222 6011 47184
1572825622 6060 50690
1572912063 6064 49635
1572998417 6100 50444
1573084873 5989 45112
1573171218 6079 49431
1573257678 6102 49509
1573344020 6050 49272
1573430420 6087 49586
1573516826 6101 49208
1573603219 6037 48585
1573689628 6071 48221
1573776018 6047 49871
1573862460 6039 49119
1573948824 6099 48550
1574035228 6049 47223
1574121632 6068 48427
1574208018 6005 48271
1574294461 6022 49320
1574380819 5994 48819
1574467250 6035 49819
1574553625 6104 44939
1574640018 6040 47824
1574726461 6041 48737
1574812825 6092 49840
1574899261 6002 48174
1574985622 5958 48925
1575072058 6075 50748
1575158425 5963 50384
1575244824 6009 48762
1575331252 6294 49405
1575417617 6337 49323
1575504059 6327 48681
1575590419 6577 50683
1575676816 6554 51656
1575763229 6579 52005
1575849649 6576 51696
1575936016 6503 51027
1576022418 6469 50942
1576108842 6498 52198
1576195250 6455 51503
1576281621 6386 50931
1576368068 6473 51308
1576454416 6387 50726
1576540822 6443 49904
1576627216 6411 50333
1576713618 6417 49522
1576800053 6387 47153
1576886417 6369 47896
1576972820 6331 47544
1577059248 6267 48408
1577145618 6397 48024
1577232026 6395 47791
1577318446 6373 48657
1577404818 6323 47523
1577491215 6305 47173
1577577620 6168 44586
1577664014 6138 44617
1577750448 6154 44314
1577836814 5888 42066
1577923216 5859 42282
1578009657 5865 41676
1578096015 5860 43406
1578182482 5939 43484
1578268823 5893 43879
1578355225 5848 42228
1578441618 5921 43930
1578528017 5730 42624
1578614453 5863 43450
1578700814 5873 43002
1578787228 5878 44407
1578873618 5904 43007
1578960017 5884 42723
1579046417 5868 42616
1579132816 5825 44990
1579219215 5701 45566
1579305646 5816 45546
1579392015 5917 45473
1579478419 5906 46011
1579564838 5892 46462
1579651214 5858 46222
1579737646 5861 45619
1579824014 5858 46477
1579910420 5841 46036
1579996819 5867 47586
1580083215 5930 46441
1580169649 5876 45269
1580256013 5811 46632
1580342422 5856 43553
1580428813 5869 42964
1580515214 5882 43621
1580601620 5864 44890
1580688014 5827 44563
1580774448 5842 43538
1580860815 5759 43659
1580947217 5883 43146
1581033657 5839 44295
1581120015 5897 44795
1581206467 5799 44879
1581292818 5812 45894
1581379260 5858 46586
1581465616 5808 46814
1581552023 5868 44529
1581638463 5821 45840
1581724816 5819 46400
1581811276 5776 47701
1581897618 5781 47556
1581984065 5713 48741
1582070416 5823 47092
1582156862 5804 46964
1582243224 5805 47383
1582329618 5869 48309
1582416022 5807 49480
1582502418 5761 50343
1582588821 5772 49611
1582675220 5725 49900
1582761665 5804 50960
1582848019 5756 51504
1582934459 5769 51417
1583020823 5760 51576
1583107263 5807 49500
1583193616 5665 50370
1583280062 5693 51750
1583366420 5738 51236
1583452863 5641 48604
1583539232 5695 50627
1583625672 5583 49332
1583712019 5649 49743
1583798462 5579 49744
1583884824 5586 50158
1583971276 5566 49570
1584057627 5559 48492
1584144051 5615 48605
1584230420 5581 47660
1584316851 5539 49149
1584403229 5549 49064
1584489651 5473 49053
1584576017 5504 46820
1584662456 5459 45191
1584748822 5388 44917
1584835223 5395 44729
1584921619 5436 45582
1585008048 5407 45187
1585094423 5438 45678
1585180860 5362 45303
1585267223 4976 43070
1585353628 4878 42553
1585440032 4972 43027
1585526454 4909 42525
1585612824 4850 42746
1585699220 4845 44245
1585785619 4783 43602
1585872019 4836 43248
1585958449 4842 43313
1586044820 4806 42917
1586131223 4810 43359
1586217617 4781 42455
1586304028 4866 42682
1586390424 4853 43055
1586476826 4825 42520
1586563228 4848 42693
1586649682 4762 42612
1586736049 4802 42222
1586822418 4963 43279
1586908820 5125 44988
1586995230 5196 46084
1587081617 5194 45224
1587168020 5096 44476
1587254421 5162 45209
1587340819 5119 45071
1587427259 5058 45180
1587513662 5110 45736
1587600055 5082 46776
1587686424 5067 47643
1587772819 5058 46307
1587859220 5057 47114
1587945614 4943 46789
1588032016 4933 45809
1588118449 4927 45550
1588204819 4959 44435
1588291248 4984 44654
1588377621 4942 42655
1588464065 4933 42935
1588550419 4928 43027
1588636869 4867 42114
1588723217 4866 42608
1588809619 4863 41669
1588896047 4806 41931
1588982415 4716 40864
1589068861 4622 39235
1589155213 4726 40893
1589241630 4635 41375
1589328016 4713 41364
1589414432 4721 40996
1589500818 4711 41820
1589587241 4753 42184
1589673623 4808 41152
1589760019 4791 39958
1589846416 4700 40055
1589932818 4782 40004
1590019216 4736 39540
1590105618 4735 38921
1590192018 4785 38678
1590278419 4771 38388
1590364836 4813 38614
1590451215 4758 38755
1590537618 4751 39720
1590624087 4745 40064
1590710429 4607 39249
1590796841 4656 38917
1590883224 4638 38910
1590969639 4586 39327
1591056021 4558 38911
1591142443 4636 39127
1591228819 4607 39687
1591315230 4616 41052
1591401620 4641 41368
1591488020 4627 42178
1591574415 4679 41283
1591660846 4598 41322
1591747221 4609 41509
1591833627 4625 41692
1591920020 4601 40984
1592006442 4584 41720
1592092824 4628 41713
1592179242 4582 42997
1592265650 4551 42584
1592352019 4518 44195
1592438420 4569 43722
1592524848 4571 43418
1592611221 4499 44262
1592697632 4536 44147
1592784031 4532 44355
1592870420 4550 42649
1592956822 4488 43842
1593043215 4518 43756
1593129638 4540 43656
1593216017 4506 43091
1593302478 4418 40299
1593388817 4400 41030
1593475257 4416 42096
1593561620 4361 39309
1593648042 4382 40889
1593734421 4423 39876
1593820818 4403 40992
1593907257 4437 41179
1593993622 4392 42244
1594080045 4369 40958
1594166419 4407 41854
1594252842 4411 40033
1594339218 4428 40814
1594425630 4499 40075
1594512021 4415 41596
1594598422 4441 40526
1594684855 4411 40100
1594771229 4465 40640
1594857623 4407 41005
1594944039 4390 40907
1595030420 4411 39730
1595116871 4342 41284
1595203226 4270 40084
1595289616 4251 39764
1595376015 4234 39759
1595462419 4215 39297
1595548812 4198 38329
1595635242 4353 40247
1595721625 4320 41374
1595808030 4527 41051
1595894419 4633 41270
1595980845 4558 41695
1596067218 4565 45087
1596153627 4638 42398
1596240017 4586 42395
1596326471 4542 41628
1596412859 4561 40197
1596499220 4531 40171
1596585619 4536 39854
1596672024 4501 40570
1596758424 4552 41974
1596844822 4533 40989
1596931220 4496 42125
1597017617 4508 42083
1597104017 4467 42130
1597190418 4511 42043
1597276832 4548 41859
1597363213 4501 40479
1597449620 4445 40792
1597536016 4371 40032
1597622444 4322 40152
1597708813 4367 39909
1597795261 4415 39292
1597881621 4419 41379
1597968048 4383 41539
1598054424 4458 41354
1598140866 4363 39161
1598227216 4379 39895
1598313625 4346 41570
1598400016 4288 40877
1598486461 4295 38729
1598572822 4316 38626
1598659219 4387 39101
1598745676 4345 39247
1598832025 4292 38529
1598918453 4275 37469
1599004820 4295 38631
1599091256 4321 37351
1599177624 4194 37218
1599264042 4268 38211
1599350428 4271 37732
1599436823 4248 38655
1599523234 4291 38728
1599609618 4280 39274
1599696056 4333 39480
1599782418 4286 40831
1599868839 4253 41106
1599955222 4291 40011
1600041624 4321 42223
1600128074 4277 40374
1600214432 4257 39541
1600300848 4244 41952
1600387250 4320 41424
1600473652 4324 41610
1600560085 4283 42440
1600646424 4250 41394
1600732855 4240 41275
1600819217 4242 41359
1600905646 4284 42835
1600992027 4411 43380
1601078424 4298 42610
1601164819 4278 42560
1601251242 4260 42328
1601337617 4238 42210
1601424016 4218 41264
1601510414 4201 41855
1601596815 4177 40359
1601683242 4158 40215
1601769618 4135 39081
1601856051 4109 38851
1601942416 4451 37237
1602028833 4581 37893
1602115229 4722 38258
1602201617 4663 38799
1602288035 4680 38039
1602374422 4675 38330
1602460859 4713 38017
1602547217 4671 38908
1602633640 4682 37535
1602720016 4608 36415
1602806450 4649 37655
1602892818 4621 37338
1602979276 4646 38572
1603065618 4637 36248
1603152049 4671 36118
1603238416 4581 35917
1603324847 4536 34482
1603411221 4471 34591
1603497642 4491 35241
1603584025 4513 34769
1603670434 4467 33294
1603756819 4470 34226
1603843247 4448 33078
1603929623 4497 33012
1604016051 4525 34529
1604102429 4625 35260
1604188832 4684 35563
1604275273 4646 35332
1604361622 4672 35266
1604448042 4733 35185
1604534419 4689 35247
1605404061 4839 36021
1605484810 4833 36526
1605571213 4862 36806
1605657615 4868 38151
1605744011 4910 38424
1605830419 4878 38395
1605916809 4964 39902
1606003212 3919 35621
1606089609 4887 40620
1606176011 4985 41538
1606262410 4985 41399
1606348809 5026 43104
1606435209 5005 42736
1606521608 5011 43112
1606608011 4964 42536
1606694412 4980 45562
1606780811 4931 44879
1606867209 4885 45916
1606953629 4938 45184
1607040011 4902 43313
1607126409 4886 42965
1607212828 4854 44049
1607299208 4876 45770
1607385615 4827 43313
1607472008 4847 43025
1607558408 4748 43612
1607644807 4682 42291
1607731207 4656 42356
1607817612 4131 40858
1607904007 4646 44924
1607990408 4634 43804
1608076809 4626 42431
1608163232 4672 42992
1608249609 4711 44533
1608336010 4801 42614
1608422409 4845 43316
1608508809 4826 43397
1608595209 4748 42845
1608681609 4718 41634
1608768009 4725 41050
1608854409 4723 41331
1608940809 4734 40679
1609027224 4754 41207
1609113609 4706 41005
1609200013 4778 41910
1609286409 4802 41933
1609372809 4851 42656
1609459226 4854 42404
1609545608 4873 43644
1609632033 4876 43240
1609718412 4923 44120
1609804812 4966 44772
1609891212 5089 45225
1609977610 5117 44880
1610064029 5133 46134
1610150412 5242 49079
1610236832 5357 49895
1610323209 5399 49448
1610409613 5351 48819
1610496012 5299 49099
1610582413 5358 50855
1610668811 5387 49765
1610755209 7212 72436
1610841609 7191 73083
1610928009 7204 75907
1611014407 7065 76941
1611100811 7123 76420
1611187209 7209 77694
1611273615 7230 77720
1611360009 7259 77502
1611446412 7245 75931
1611532809 7270 76315
1611619209 7286 76759
1611705609 7316 77900
1611792011 7270 80148
1611878409 7328 76276
1611964809 7313 74933
1612051209 7441 75877
1612137609 7439 75513
1612224018 7433 78044
1612310409 7500 74882
1612396809 7352 74020
1612483210 7460 75309
1612569609 7358 73399
1612656011 7297 72098
1612742410 7258 71340
1612828813 7306 71686
1612915209 7323 70174
1613001612 7357 70614
1613088009 7341 70104
1613174432 7302 72833
1613260815 7374 72499
1616165714 7159 83714
1616198416 7154 83749
1616284813 7207 83138
1616371235 7177 84699
1616457615 7150 82820
1616544016 7209 81630
1616630421 7192 80678
1616716832 7157 80511
1616803210 7177 81194
1616889614 7137 82091
1616976015 7166 82306
1617062456 7134 83452
1617148812 7168 83855
1617235213 7083 82042
1617321610 7174 78180
1617408009 7073 87362
1617494416 6968 81624
1617580809 7027 82263
1617667210 6948 80313
1617753610 6950 80102
1617840011 6981 79791
1617926414 6954 77904
1618012809 6970 77319
1618099217 6944 78661
1618185610 6969 78622
1618272009 6883 80191
1618358414 6880 78520
1618444817 6979 77792
1618531255 6892 78891
1618617617 7010 79540
1618704019 7032 76037
1618790417 7090 73560
1618876845 7023 74880
1618963211 6966 76840
1619049639 6955 74018
1619136010 6961 77458
1619222410 6956 76290
1619308814 6939 74353
1619395220 6951 72545
1622079588 6674 69137
1622160014 6725 68159
1622246413 6728 66241
1622332864 6797 67474
1622419216 6720 66791
1622505634 6637 66105
1622592015 6658 65387
1622678414 6625 66138
1622764825 6629 66675
1622851212 6588 65831
1622937614 6643 63630
1623024012 6608 66290
1623110426 6396 64578
1623196815 6680 63477
1623283215 6676 63346
1623369622 6680 61539
1623456011 6544 61141
1623542413 6657 61389
1623628810 6592 61249
1623715216 6501 59602
1623801612 6469 61196
1623888022 6428 59859
1623974417 6524 59417
1624060819 6623 56945
1624147222 6572 58133
1624233616 6591 59270
1624320017 6637 58111
1624406419 6610 58139
1624492816 6590 57280
1624579217 6571 58429
1624665615 6550 58902
1624752023 6531 58196
1624838414 6510 57555
1624924821 6487 55836
1625011217 6462 55561
1625097618 6451 55278
1625184017 6431 54818
1625270418 6405 54278
1625356823 6372 54195
1625443211 6225 53029
1625529614 6333 54344
1625616012 6395 55691
1625702411 6167 55904
1625788810 6026 55262
1625875212 5869 55774
1625961618 5899 56979
1626048011 5911 58040
1626134414 6001 55527
1626220817 5800 55755
1626307209 5650 57663
1626393613 5547 60637
1626480010 5500 58444
1626566418 5364 63003
1626652813 5250 62155
1626739214 5165 61575
1626825609 5165 61244
1626912010 5165 60930
1626998415 5165 60798
1627084822 5165 60492
1633046403 6044 57437
1633132807 6296 57623
1633219204 6643 57492
1633305605 6288 53791
1633392005 6209 52779
1633478405 5968 48416
1633564805 6381 52091
1633651203 6347 53096
1633737604 6336 51611
1633824005 6325 51185
1633910404 6304 49609
1633996807 6295 48164
1634083206 6420 48569
1634169603 6474 48888
1634256004 6491 49814
1634342405 6425 50076
1634428812 6413 50083
1634515205 6453 49952
1634601604 6466 49986
1634688006 6447 50096
1634774407 6516 51425
1634860803 6531 51010
1634947205 6541 50175
1635033607 6653 51840
1635120003 6618 50662
1635206406 6647 51738
1635292805 6576 50540
1635379205 6753 51016
1635465606 6738 52199
1635552005 6466 52780
1635638409 6371 53427
1635724805 6318 53833
1635811205 6349 54097
1635897604 6272 53932
1635984005 6251 54141
1636070407 6346 55707
1636156809 6292 53724
1636243208 6143 53397
1636329606 6225 52286
1636416007 6144 54131
1636502405 6211 51427
1636588805 6133 51931
1636675205 6097 51471
1636761607 6138 54923
1636848007 6149 54121
1636934407 5973 54656
1637020805 6108 55217
1637107202 6122 54977
1637193604 6106 54910
1637280004 6307 54807
1637366404 6360 54379
1637452807 6310 53924
1637539204 6366 54485
1637625604 6200 52899
1637712006 6178 52079
1637798407 6223 52104
1637884805 6032 49870
1637971206 6206 50956
1638057606 6232 51595
1638144006 6154 50835
1638230406 6216 52276
1638316806 6203 53438
1638403206 6274 56358
1638489606 6262 54026
1638576007 5831 54553
1638662409 6154 53362
1638748812 6157 53627
1638835213 6244 53871
1638921605 6332 56166
1639008005 6331 54375
1639094406 6218 55436
1639180805 6347 55442
1639267210 6234 56417
1639353605 6245 56631
1639440007 6158 57223
1639526407 6159 56838
1639612807 6155 56789
1639699204 6131 56261
1639785606 6218 64440
1639872011 6158 64345
1639958402 6252 46404
1640044805 6176 46272
1640131206 6179 46592
1640217606 6205 45824
1640304004 6261 46005
1640390403 6251 45812
1640476806 6259 46129
1640563206 6002 46477
1640649605 6218 45436
1640736005 6364 45467
1640822406 6276 44232
1640908806 6233 43766
1640995205 6351 44121
1641081608 6245 43134
1641168003 6281 43075
1641254406 6172 42616
1641340804 6247 43289
1641427208 6043 42883
1641513604 6094 43475
1641600014 6131 43008
1641686406 6195 42954
1641772804 6197 42018
1641859204 6114 41664
1641945607 6193 41176
1642032009 6209 41616
1642118403 6212 42105
1642204806 6250 42177
1642291209 6299 41974
1642377607 6291 41977
1642464004 6074 41584
1642550405 6146 42286
1642636811 6155 42718
1642723207 6232 43763
1642809604 2001 38894
1642896006 6090 43109
1642982403 6201 43917
1643068807 6158 43773
1643155202 5999 42537
1643241605 5989 44094
1643328002 6118 44125
1643414412 6044 43845
1643500806 6096 43977
1643587206 6161 43298
1643673605 6074 42740
1643929930 6141 43366
1643932801 6140 43415
1644019203 5973 42967
1644105608 6022 43086
1644192004 5910 42516
1644451203 5859 43064
1644537604 5834 41931
1644624006 5830 42220
1644710409 5957 42040
1644796805 5872 41456
1644883207 5951 41347
1644969608 5887 41225
1645056006 5956 41855
1645142404 5990 42361
1645228806 6013 42456
1645315208 5992 42178
1645401604 5903 41988
1645488004 5975 42291
1645574404 5932 42608
1645660805 6010 42473
1645747214 5919 41615
1645833609 5978 42445
1645920009 6061 43100
1646006403 5893 43089
1646092809 5860 42797
1646179206 5847 42689
1646265606 5878 42756
1646352008 5779 42722
1646438406 5883 43354
1646524809 5808 42475
1646611210 5614 41990
1646697608 5659 42559
1646784005 5715 42869
1646870410 5635 43304
1646956806 5511 43823
1647043203 5559 43419
1647129606 5662 43857
1647216008 5764 44350
1647302410 5608 44738
1647388806 5646 44367
1647475209 5655 44195
1647561606 5730 44019
1647648003 5705 44584
1647734404 5792 45130
1647820813 5457 45591
1647907206 5837 46141
1647993608 5967 46602
1648080008 5876 45996
1648166410 5906 46063
1648252803 5967 45814
1648339206 5950 46668
1648425606 5872 46899
1648512005 5855 47044
1648598408 5850 46534
1648684808 5827 46340
1648771209 5763 46506
1648857608 5892 46243
1648944009 5884 46431
1649030407 5839 45913
1649116806 5798 45915
1649203206 5877 46257
1649289605 5827 45083
1649376007 5758 45240
1649462408 5865 45305
1649548810 5836 45542
1649635206 5814 46291
1649721606 5788 46277
1649808005 5738 45082
1649894407 5828 45421
1649980807 5713 45349
1650067206 5683 44829
1650153606 5712 45529
1650240007 5720 45617
1650326403 5702 45414
1650412809 5718 45225
1650499207 5547 44690
1650585610 5678 45082
1650672007 5717 45018
1650758415 5715 44949
1650844805 5725 45037
1650931211 5668 44975
1651017614 5548 44795
1651104005 5547 45750
1651190407 5629 45093
1651276806 5575 45473
1651363209 5598 45557
1651449607 5608 45591
1651536014 5555 45394
1651622407 5516 45250
1651708807 5419 44504
1651795206 5552 45075
1651881608 5523 45525
1651968008 5573 46172
1652054406 5498 45301
1652140803 5523 45690
1652227207 5560 46527
1652313605 5464 45076
1652400005 5466 45108
1652486407 5506 45270
1652572809 5453 45103
1652659208 5516 44843
1652745604 5440 44692
1652832009 5478 44968
1652918408 5486 44380
1653004810 5396 44298
1653091203 5542 44939
1653177611 5455 45466
1653264006 5422 44242
1653350409 5363 44100
1653436807 5479 44882
1653523206 5403 43519
1653609609 5440 44246
1653696003 5339 44148
1653782404 5249 43900
1653868805 5352 43794
1653955207 5388 43857
1654041607 5311 43861
1654128009 5267 43793
1654214408 5294 43984
1654300806 5227 43963
1654387208 5278 43557
1654473606 5194 43189
1654560006 5264 43495
1654646408 5208 44206
1654732811 5168 44090
1654819207 5235 45074
1654905607 5260 44851
1654992008 5265 44860
1655078407 5218 43954
1655164807 5136 44079
1655251206 5135 43962
1655337607 5123 44085
1655424003 5142 43814
1655510407 5132 43828
1655596809 5134 43607
1655683204 5136 44040
1655769608 5054 43589
1655856005 5066 44228
1655942403 5051 44359
1656028811 5025 44528
1656115206 5004 44477
1656201609 4935 44330
1656288009 4884 43706
1656374405 4889 44088
1656460803 4858 45036
1656547204 4870 44298
1656633607 4868 44812
1656720008 4840 44172
1656806408 4941 43916
1656892806 4844 44443
1656979207 4784 43272
1657065607 4874 43402
1657152008 4774 42442
1657238408 4844 42848
1657324805 4869 42442
1657411208 4847 41935
1657497607 4866 41636
1657584008 4721 41316
1657670402 4795 41852
1657756807 4775 41636
1657843206 4855 42075
1657929607 4824 41984
1658016007 4724 41345
1658102406 4678 41159
1658188813 4708 41703
1658275203 4668 41772
1658361604 4647 41583
1658448005 4676 40776
1658534408 4721 42111
1658620811 4672 41547
1658707204 4650 40846
1658793606 4782 41000
1658880003 4811 41287
1658966404 4832 41493
1659052806 4716 41297
1659139206 4759 40768
1659225614 4801 40472
1659312008 4884 39519
1659312008 4744 40730
1659312008 4779 40396
1659312008 4795 39667
1659571526 4795 39667
1659657605 4836 39401
1659744006 4785 39773
1659830405 4791 39745
1659916806 4760 40578
1660003207 4752 38974
1660089604 4697 38707
1660176005 4739 39130
1660262406 4764 39283
1660348805 4803 39419
1660435208 4788 39257
1660521606 4792 39569
1660608004 4795 39214
1660694406 4776 39468
1660780806 4854 39987
1660867204 4829 39882
1660953606 4814 40199
1661040007 4769 39957
1661126406 4758 40154
1661212807 4814 40495
1661299207 4821 39520
1661385609 4813 40572
1661472010 4778 40271
1661558410 4687 40426
1661644809 4671 40825
1661731206 4694 41041
1661817610 4688 41691
1661904016 4722 40974
1661990405 4738 41596
1662076807 4701 42304
1662163204 4697 41743
1662249608 4678 42009
1662336006 4726 42071
1662422403 4728 41512
1662508803 4741 41031
1662595208 4673 41606
1662681606 4770 41457
1662768006 4721 41015
1662854408 4671 41411
1662940817 4740 41066
1663027206 4669 41390
1663113605 4764 41845
1663200007 4695 41885
1663286404 4669 40911
1663372805 4695 40959
1663459211 4622 39645
1663545605 4638 39639
1663632005 4582 39986
1663718409 4712 40979
1663804804 4617 40557
1663891205 4655 40889
1663977608 4634 40969
1664064008 
1664150406 4617 40551
1664236808 4682 40622
1664323207 3439 35872
1664409604 4664 40022
1664496004 4655 39909
1664582409 4603 40081
1664668812 4619 40115
1664755208 4578 39465
1664841613 4637 39875
1664928010 4661 40067
1665014408 4639 39710
1665100809 4577 40314
1665187207 4563 40254
1665273609 4565 41022
1665360010 4630 40688
1665446404 4619 40913
1665532808 4644 40435
1665619208 4666 40183
1665705605 4616 40677
1665792006 4573 41332
1665878409 4505 41858
1665964808 4555 41472
1666051204 4646 41223
1666137606 4461 40568
1666224005 4636 41275
1666310407 4671 39778
1666396804 4617 39468
1666483206 4437 38313
1666569606 4662 39693
1666656005 4692 39920
1666742406 4704 41524
1666828807 4639 40657
1666915209 4645 40654
1667001606 4675 41191
1667088007 4696 40614
1667174402 4826 40743
1667260807 4717 41065
1667347204 4720 39636
1667433606 4744 39560
1667520004 4745 40626
1667606407 4817 40147
1667692806 4842 39740
1667779205 4796 39522
1667865607 4814 38709
1667952005 4780 38763
1668038406 4863 39371
1668124804 4808 39280
1668211205 4805 39058
1668297609 4861 39518
1668384013 4646 38566
1668470407 4638 38555
1668556806 4695 39146
1668643204 4653 39629
1668729609 668 35199
1668816006 4723 39589
1668902407 4805 39825
1668988805 4801 39385
1669075208 4772 39003
1669161603 4748 39050
1669248006 4719 39156
1669334409 4785 39649
1669420809 4690 39627
1669507205 4662 39887
1669593606 4580 39664
1669680006 4516 39593
1669766406 4509 39781
1669852807 4549 40296
1669939207 4451 40497
1670025609 4571 40371
